screen_corners:
  - [-205.0, 251.13219987886546, 184.06145219464491]
  - [205.0, 251.13219987886546, 184.06145219464491]
  - [205.0, 52.95997970733792, 23.584752476936334]
  - [-205.0, 52.95997970733792, 23.584752476936334]

screen_pixels:
  width: 1920
  height: 1080

camera:
  principal_point_x: 1066.74882589063
  principal_point_y: 643.77031221584
  fx: 4155.3990474089
  fy: 4149.24960862879
  focal_length: 12.456972984056534
  pixel_size_x: 0.003
  pixel_size_y: 0.003

eyes:
  left:
    radius: 5.372254417341973
    kappa_alpha: 0.003804506974505432
    kappa_beta: 0.04703291404205832
  right:
    radius: 5.157751948518748
    kappa_alpha: -0.03559107915112577
    kappa_beta: -0.03691749084564522
